3155470
3134000
3162000
3133850
3153000
3133000
3005200
3017400
3091000
3090810
3004095
3021000
3006000
3085730
3085777
3098000
3095000
3144475
3144735
3144007
3138390
3134730
3168035
3167820
3115000
3115460
3133937
3115990
3113040
3144280
3168995
3133270
3132000
3143225
3130490
3132870
3170100
3168400
3171880
3132500
3169500
3172001
3131000
3143810
3172000
3143000
3142520
3141810
3082781
3140400
3120980
3137685
3109660
3167000
3120800
3153660
3154000
3141000
3152440
3154470
3137290
3180100
3178325
3176945
3174695
3155000
3137000
3179000
3175000
3177760
3138800
3141490
3176745
3166490
3065000
3077000
3122008
3071550
3073000
3070440
3076000
3075000
3068950
3068800
3068170
3066000
3069000
3047680
3119000
3079150
3125000
3117310
3173250
3163820
3078510
3165020
3200070
3013300
3162150
3174000
3119590
3047490
3082000
3047445
3126000
3193000
3051500
3206250
3083450
3126511
3163400
3084470
3013620
3163000
3114000
3083001
3079990
3083000
3127370
3125500
3081570
3081000
3085000
3128000
3204000
3078600
3082560
3172510
3118000
3080660
3061660
3032000
3048000
3063650
3049000
3063000
3112480
3047000
3134800
3111550
3025000
3029710
3111320
3026000
3028000
3112000
3027000
3111000
3112340
3014000
3030000
3029140
3029470
3110270
3027490
3129020
3109840
3128745
3109000
3130000
3108098
3128500
3132827
3132976
3141984
3133670
3206150
3206000
3203750
3207020
3203660
3201650
3201000
3203050
3201250
3202250
3201260
3182415
3200400
3039000
3036000
3042190
3037650
3035150
3041000
3033000
3024392
3033580
3034370
3024840
3025650
3196000
3198530
3194620
3190080
3194350
3191700
3199200
3197000
3184530
3183800
3184370
3184000
3184760
3185210
3185000
3184120
3184880
3185610
3183730
3174110
3174210
3182630
3183000
3183460
3183580
3150000
3152000
3149487
3158900
3160900
3157430
3149930
3161747
3151800
3149630
3156350
3156995
3146890
3146000
3014550
3021355
3022000
3015000
3014130
3017000
3022505
3023000
3017900
3003290
3045000
3001000
3006590
3044000
3020650
3002100
3018951
3007000
3126055
3053000
3055000
3054220
3189490
3052245
3071080
3057000
3085920
3085977
3093900
3085807
3090000
3089000
3090405
3086100
3088410
3090500
3189675
3116720
3102000
3187000
3095250
3101000
3092500
3113450
3099000
3097000
3104650
3105500
3189975
3078110
3196080
3056010
3052280
3051840
3052134
3061000
3053340
3059000
3057985
3052785
3053780
3189210
3189000
3189545
3189336
3189335
3193880
3194180
3190735
3194080
3099819
3099490
3141820
3046388
3160000
3148220
3166650
3068100
3173000
3193520
3163750
3163300
3176470
3156308
3161230
3162240
3128270
3128190
3006271
3024335
3033660
3033240
3054000
3044170
3029530
3034720
3032240
3040490
3000890
3040060
3056160
3094700
3096025
3108050
3144675
3040250
3090380
3174211
3164180
3164330
3162365
3164285
3149353
3149900
3149158
3157485
3149420
3153950
3178692
3145290
3156580
3206350
3145880
3167350
3094405
3085945
3088800
3168690
3085825
3085837
3093300
3090470
3088360
3096650
3090780
3190790
3095300
3096690
3189900
3103440
3096100
3079850
3099950
3098690
3104450
3112805
3144440
3114360
3113280
3129730
3105382
3105462
3107000
3118300
3105790
3114395
3128935
3120000
3115860
3105946
3112710
3116187
3105142
3112565
3144945
3112295
3110863
3079622
3050000
3013345
3013165
3046200
3053750
3068310
3065460
3052656
3057720
3166050
3033200
3032695
3024285
3034961
3024560
3006268
3024245
3033470
3024885
3032675
3036510
3000344
3008505
3027840
3025368
3007383
3036885
3008833
3004349
3025919
3027790
3025492
3025238
3041247
3002900
3036970
3039390
3004280
3036070
3052338
3036030
3052215
3041669
3038385
3035455
3016840
3041600
3037480
3021917
3043450
3044580
3018675
3011840
3011300
3018342
3103816
3276786
3277367
3277420
3277658
3115772
3115630
3115816
3115916
3115955
3096390
3096400
3096370
3096300
3097790
3097571
3102990
3032550
3034254
3132260
3133474
3144595
3072200
3076220
3144245
3076148
3075400
3128837
3071770
3130270
3132555
3132909
3131800
3129817
3129180
3132736
3134560
3171770
3171085
3127550
3168337
3126704
3125925
3159915
3157880
3159490
3161258
3161335
3079270
3078385
3150890
3157950
3120685
3161850
3161765
3165200
3165390
3165295
3179740
3162900
3013677
3136600
3162325
3166945
3140325
3137830
3138485
3140490
3137570
3178520
3065050
3176880
3176290
3174615
3174825
3154640
3156695
3156150
3155040
3156540
3146579
3146498
3153370
3145931
3156940
3156295
3146445
3153139
3085769
3155345
3133690
3145675
3187600
3189300
3189642
3190719
3190725
3190489
3191001
3194880
3193510
3194543
3122999
3081033
3036325
3149077
3149440
3086621
3141665
3002315
3038700
3081001
3141730
3087000
3141950
3028239
3149906
3148650
3033535
3022718
3051590
3025524
3032959
3026179
3104543
3033305
3034690
3147888
3025130
3030457
3114630
3027549
3035570
3035840
3020000
3035667
3041165
3113218
3057490
3019795
3053999
3027491
3082719
3082758
3085630
3092811
3085558
3069325
3085533
3085590
3085584
3005284
3016310
3008267
3004985
3003790
3185620
3105585
3105344
3105380
3106204
3108034
3107889
3107295
3108694
3108280
3033273
3205250
3027427
3206040
3205850
3206085
3113610
3013290
3077645
3077910
3051250
3051120
3050200
3050520
3080025
3036214
3105455
3092356
3200435
3055369
H2299303
F6649423
F1335503
F0225103
F5006663
F3325553
F3115753
H5105513
F4105803
F3137253
F3007993
F5005203
F5016503
F3105253
F31-4443
F3307253
DN000071
CX000217
CZ000490
DN000079
CA000367
DL001111
H3009503
3084110
3139020
3080580
3112010
3048670
3111540
3073480
3126160
3126510
3054200
3053250
3053295
3052305
3056800
3174020
3024000
3139000
3072000
3068000
3129000
3074000
3071000
3067000
3070000
3037000
3052335
3033600
3024300
3046000
3052000
3164000
3003000
3168000
3004000
3002000
3042000
3056000
3040000
3043000
3144000
3005000
3127000
3170000
3011000
3207000
3200000
3203000
3192000
3199000
3140000
3078000
3079000
3188000
3108000
3113000
3094000
3194000
3158000
3149000
3018000
3117000
3110000
3147000
3195400
3085600
3016000
3195000
3086000
3116000
3060000
3148000
3157000
3088000
3121000
3151000
3161000
3169000
3149500
3176000
3123000
3122000
3142000
3171000
3084000
3182000
3166000
3103080
3102895
3052270
3052475
3053225
3155100
3056470
3052610
3052585
3113735
3114025
3113530
3113350
3113220
3113900
3047620
3047525
3047650
3117440
3117810
3116420
3117720
3117530
3117620
3117280
3117565
3116135
3119150
3118150
3119400
3117830
3157200
3024585
3024680
3024380
3025285
3025030
3024940
3025390
3149747
3149721
3132775
3043920
3085589
3079430
3078250
3079690
3078535
3078840
3078920
3099860
3099705
3099830
3100300
3099380
3099220
3096080
3101200
3095580
3095620
3038380
3033060
3097150
3096920
3033560
3163860
3166400
3144458
3144096
3144260
3144928
3144535
3144895
3144800
3143950
3076880
3076180
3075700
3076600
3076470
3076660
3071510
3075490
3074200
3074800
3071350
3075290
3075330
3071170
3031610
3145300
3145665
3145575
3145695
3145735
3146550
3146505
3145765
3035270
3034347
3146155
3146780
3146715
3034620
3035370
3145847
3145810
3133886
3133550
3188230
3189630
3189185
3186820
3090830
3189315
3168085
3091700
3109150
3190610
3108150
3108200
3092290
3134620
3134575
3134600
3092380
3097520
3134680
3134720
3134660
3103325
3103460
3103360
3103405
3103310
3126033
3126038
3126015
3126045
3126050
3105133
3105337
3105125
3105858
3105580
3105932
3104705
3126068
3126062
3126083
3126088
3126073
3058800
3115186
3115290
3115845
3105371
3168230
3168335
3168550
3168750
3168410
3168420
3168435
3161950
3149605
3033285
3033830
3049800
3051300
3049700
3051575
3051450
3142310
3008145
3142640
3008195
3007350
3143130
3002410
3000450
3004285
3141910
3002150
3003440
3000100
3002800
3001300
3000830
3142235
3006220
3013430
3006295
3006440
3006272
3006390
3009500
3132912
3132943
3009750
3010145
3010000
3132936
3004695
3011155
3011175
3004820
3013200
3010470
3013710
3004890
3013250
3010490
3013315
3004930
3013730
3010480
3013930
3011590
3011875
3011800
3012355
3012250
3137630
3137810
3137675
3137610
3137760
3137645
3137790
3137655
3137730
3128600
3130200
3143785
3112865
3112530
3112695
3112750
3112885
3112648
3156570
3156830
3156708
3156910
3157040
3156305
3052410
3138340
3138460
3138420
3048290
3048347
3048230
3068920
3068880
3068650
3068270
3065300
3065600
3066650
3067450
3069650
3070300
3065750
3065850
3068040
3161145
3159680
3160360
3159785
3161695
3161435
3161540
3146365
3146270
3146925
3147380
3147595
3146345
3147770
3146986
3146960
3149015
3149060
3148880
3148380
3149043
3149099
3149105
3149017
3149166
3149597
3149483
3149220
3128340
3128405
3128365
3128730
3128740
3128256
3129130
3128870
3128907
3129070
3128798
3128975
3128987
3128952
3130120
3029603
3029290
3029240
3130450
3042990
3129280
3129640
3130310
3140450
3140358
3140365
3140332
3167085
3166700
3166600
3166630
3138540
3138730
3032465
3032375
3032590
3033016
3032820
3032210
3056180
3055340
3056240
3052195
3052340
3120550
3120350
3125890
3126700
3127230
3172150
3143450
3038570
3041348
3042100
3040220
3014150
3021509
3110840
3018196
3110855
3152830
3110860
3171680
3171350
3155600
3171200
3132330
3132095
3018947
3109650
3108850
3109935
3109610
3110155
3109570
3109640
3020591
3121280
3162275
3162120
3162720
3120900
3162420
3162600
3162780
3163180
3163120
3162550
3162500
3053395
3052850
3052815
3052895
3052865
3052367
3052355
3052295
3052322
3196920
3085607
3093190
3090260
3089225
3078220
3052010
3051765
3051680
3144898
3051635
3144575
3051625
3104360
3053170
3054400
3054585
3053880
3144410
3051790
3116600
3164218
3164178
3052425
3145455
3149330
3114900
3134618
3059880
3192500
3190180
3174715
3176320
3201080
3194560
3194930
3194250
3195150
3194685
3194280
3194355
3133535
3207024
3200200
3201550
3057640
3057250
3175500
3182442
3178335
3178835
3178870
3179690
3057340
3033025
3033710
3038415
3038450
3042160
3038100
3038200
3176850
3174837
3174795
3174875
3203475
3198200
3113490
3113265
3077596
3118962
3078832
3078486
3078365
3078274
3109585
3047627
3106690
3100440
3085914
3105834
3085700
3096310
3023732
3114290
3114825
3096706
3114145
3049813
3189652
3115798
3036920
3035422
3096255
3085805
3025482
3115616
3085857
3093445
3087545
3121028
3121398
3088545
3088630
3088345
3008483
3090452
3099330
3098845
3099545
3098291
3079469
3013212
3013163
3012973
3079996
3077949
3112284
3112296
3119251
3112281
3112261
3112258
3112256
3112286
3112268
3059967
3058055
3046320
3079611
3079490
3079604
3079650
3079554
3047279
3079189
3110160
3110208
3111141
3112234
3111142
3035625
3007571
3098695
3035770
3036056
3018783
3094390
3085929
3034163
3204102
3052014
3081019
3081017
3081016
3081018
3063295
3112331
3112328
3112345
3063292
3112415
3080581
3112319
3063293
3111664
3081003
3081009
3081004
3081006
3081005
3081007
3081008
3075260
3088882
3093145
3194540
3088890
3085608
3035736
3090600
3186660
3085998
3086440
3027302
3095945
3086340
3096185
3097020
3103115
3112539
3090904
3112870
3114735
3105918
3109019
3143560
3128640
3128379
3156438
3128732
3144115
3156310
3143867
3143373
3156172
3143887
3103970
3156380
3156155
3029468
3128880
3128220
3156344
3156352
3104415
3037576
3105425
3129053
3144270
3095190
3144639
3145020
3112638
3095400
3128760
3129105
3146185
3112569
3099205
3095249
3053275
3146300
3098850
3145865
3145609
3128774
3189168
3189167
3108890
3109240
3189120
3156547
3146818
3132615
3053777
3189398
3189328
3156510
3108380
3133040
3142424
3058150
3115490
3115700
3193298
3115915
3132054
3115840
3193448
3115770
3156838
3156724
3142880
3133890
3115986
3156151
3133595
3095825
3149013
3186700
3158350
3188010
3149029
3146947
3189828
3194725
3163742
3149104
3165685
3149315
3164714
3149172
3161579
3149465
3161881
3165011
3023700
3149398
3161020
3054600
3165560
3149122
3151265
3151615
3149889
3151810
3151910
3151410
3149742
3149859
3151139
3149570
3152931
3153765
3155290
3154840
3189915
3188590
3191350
3154550
3153900
3154745
3182700
3172385
3153710
3033038
3012280
3113653
3113179
3024330
3196450
3113816
3113895
3113210
3012310
3012050
3039940
3006354
3012450
3012660
3051580
3177400
3177540
3051490
3081250
3065580
3015810
3096351
3037060
3014986
3014950
3024294
3015520
3016240
3033150
3024343
3026565
3109590
3117800
3018248
3032230
3056115
3022087
3056135
3022667
3018531
3078630
3018242
3056210
3052105
3052145
3056746
3024480
3056633
3024426
3052823
3052845
3021048
3137623
3018652
3052465
3171885
3057230
3057650
3053710
3024510
3002021
3002400
3002047
3001490
3006540
3006419
3014846
3002564
3014907
3014927
3002407
3000688
3000440
3006475
3000542
3014613
3099750
3085669
3096028
3099799
3085908
3098190
3276025
3174712
3099875
3101140
3096867
3174748
3174678
3029798
3176689
3097795
3055380
3176110
3176305
3101740
3088395
3097235
3174818
3176090
3094660
3176473
3088029
3176825
3029630
3055490
3176360
3029890
3176220
3174850
3176297
3037890
3090050
3090689
3032827
3177889
3090650
3088460
3032942
3177745
3177720
3156175
3098745
3095585
3052325
3099185
3099207
3099160
3095564
3022229
3095565
3022114
3022360
3022589
3095525
3022859
3159118
3164184
3149198
3013155
3024230
3024333
3024331
3113140
3113295
3036339
3039290
3113710
3113248
3117302
3036361
3116820
3036490
3036496
3113546
3113495
3036475
3036800
3012710
3113310
3036445
3036710
3040485
3039444
3040639
3040520
3116398
3116680
3040450
3024941
3178660
3033554
3027489
3027698
3037660
3182446
3041285
3182411
3018865
3018860
3182406
3038997
3029631
3149176
3153363
3134727
3134790
3085651
3093550
3085763
3099445
3085575
3101340
3096343
3085670
3097690
3088283
3088255
3096898
3090652
3118890
3118545
3117905
3104899
3188500
3105355
3190870
3112769
3112779
3108660
3107457
3178469
3026382
3026529
3115789
3178348
3115758
3178319
3024382
3033395
3192380
3172392
3173008
3182100
3189265
3201540
3201548
3201388
3201202
3201230
3201257
3065380
3201386
3201502
3203040
3203042
3200500
3201400
3201215
3116192
3174880
3174950
3138728
3042518
3038810
3033456
3024550
3029910
3030155
3030550
3111205
3011740
3027201
3011760
3065960
3013705
3027807
3068280
3012380
3042590
3013740
3027999
3051395
3109597
3044880
3127235
3171304
3044490
3127001
3030163
3277563
3277588
3277173
3085688
3085960
3093572
3085922
3093540
3112535
3051240
3112875
3109130
3164130
3165387
3112220
3177790
3058750
3002127
3014632
3014762
3002342
3006686
3002440
3002425
3035394
3276495
3027845
3002536
3035664
3027844
3020309
3032958
3032826
3032960
3020477
3034285
3024581
3024547
3024468
3024493
3024751
3024736
3025551
3025549
3025548
3025902
3025550
3024758
3029549
3042646
3031191
3030602
3044917
3056024
3051947
3033610
3032791
3193441
3129175
3138410
3167249
3014140
3014320
3014245
3014330
3014030
3014299
3014470
3015005
3016191
3014940
3021510
3021588
3021230
3022104
3022330
3021700
3022140
3039673
3040791
3018431
3034813
3040341
3022840
3018150
3034129
3036332
3018940
3020240
3033775
3032904
3008672
3008671
3022464
3157680
3158490
3186779
3194775
3033544
3035105
3035113
3115950
3188450
3090010
3024597
3007023
3016498
3015514
3140320
3033151
3025165
3024325
3024338
3032630
3016488
3056740
